0 [59, 77, 97]
1 [22]
2 [6, 14, 73, 86, 92]
3 [16, 20, 58, 63, 68, 70, 81, 99]
4 [48, 58, 72, 77, 81]
5 [17, 58, 76]
6 [2, 22, 55, 67, 73, 76, 79, 85, 99]
7 [14, 50, 77]
8 [39, 43, 54, 66, 82, 91, 93]
9 [11, 37, 85]
10 [27, 45, 46, 90]
11 [9, 36, 46]
12 [27, 34, 51, 77, 80, 95]
13 [65]
14 [2, 7, 83, 87, 97]
15 []
16 [3, 27, 43, 89]
17 [5, 22, 84, 96]
18 [29, 35, 40, 51, 74]
19 [28, 33, 82]
20 [3, 21, 37, 60, 64, 66, 75, 83, 85]
21 [20, 78, 83]
22 [1, 6, 17, 46, 69, 96]
23 [27, 74]
24 [32, 50, 90, 92]
25 []
26 [66]
27 [10, 12, 16, 23, 30, 42, 60, 66]
28 [19, 41, 93]
29 [18, 43, 60, 77]
30 [27]
31 [66, 67]
32 [24, 33, 66]
33 [19, 32, 99]
34 [12, 36, 59]
35 [18, 60, 89]
36 [11, 34, 42, 44]
37 [9, 20, 84]
38 [40, 76, 89]
39 [8, 48, 50, 59, 88, 95]
40 [18, 38, 68, 97]
41 [28, 45, 77]
42 [27, 36, 83, 88, 89]
43 [8, 16, 29, 81, 84]
44 [36, 78]
45 [10, 41, 66, 78, 96]
46 [10, 11, 22, 81, 82]
47 [53, 89]
48 [4, 39, 51, 71]
49 []
50 [7, 24, 39, 57, 71, 77]
51 [12, 18, 48, 62, 78, 90, 92]
52 [78]
53 [47, 69, 96]
54 [8, 55, 80]
55 [6, 54, 62, 72, 73, 82, 86]
56 [93]
57 [50, 87]
58 [3, 4, 5, 66, 69]
59 [0, 34, 39, 73]
60 [20, 27, 29, 35, 62, 65, 80, 85]
61 [89, 95]
62 [51, 55, 60, 82]
63 [3, 69, 75]
64 [20, 66, 75, 93, 96, 97]
65 [13, 60, 71]
66 [8, 20, 26, 27, 31, 32, 45, 58, 64]
67 [6, 31, 79, 98]
68 [3, 40]
69 [22, 53, 58, 63, 71, 87, 96]
70 [3]
71 [48, 50, 65, 69]
72 [4, 55]
73 [2, 6, 55, 59, 87, 99]
74 [18, 23, 77, 93]
75 [20, 63, 64]
76 [5, 6, 38]
77 [0, 4, 7, 12, 29, 41, 50, 74, 91]
78 [21, 44, 45, 51, 52]
79 [6, 67, 82, 91, 95]
80 [12, 54, 60, 81]
81 [3, 4, 43, 46, 80, 87]
82 [8, 19, 46, 55, 62, 79, 94]
83 [14, 20, 21, 42]
84 [17, 37, 43]
85 [6, 9, 20, 60]
86 [2, 55, 87, 96, 97]
87 [14, 57, 69, 73, 81, 86]
88 [39, 42]
89 [16, 35, 38, 42, 47, 61]
90 [10, 24, 51]
91 [8, 77, 79]
92 [2, 24, 51]
93 [8, 28, 56, 64, 74]
94 [82]
95 [12, 39, 61, 79]
96 [17, 22, 45, 53, 64, 69, 86]
97 [0, 14, 40, 64, 86]
98 [67]
99 [3, 6, 33, 73]
